0.28515 0.608178 0.325413
0.28358 0.616426 0.317402
0.285443 0.619997 0.31866
0.282941 0.606734 0.319248
0.286441 0.641332 0.321898
0.282727 0.625151 0.326227
0.277291 0.636372 0.317769
0.27855 0.636495 0.318988
0.280451 0.633227 0.316838
0.277478 0.622693 0.318862
0.28295 0.628079 0.318018
0.28561 0.621283 0.326248
0.283037 0.621502 0.324272
0.28342 0.615491 0.322997
0.28091 0.631518 0.319616
0.279758 0.636593 0.322058
0.278776 0.626154 0.322066
0.286453 0.631094 0.322614
0.286575 0.635715 0.32028
0.285145 0.632176 0.318077
0.286829 0.635588 0.317696
0.285114 0.621282 0.325714
0.278052 0.622119 0.319719
0.279095 0.637649 0.324461
0.283412 0.605258 0.326434
0.281944 0.63317 0.32261
0.277734 0.637449 0.32152
0.282357 0.623105 0.3228
0.283013 0.614514 0.325352
0.278359 0.619567 0.319413
0.281336 0.587084 0.324122
0.284354 0.604721 0.324122
0.279708 0.605365 0.319742
0.283228 0.591314 0.322513
0.28283 0.616008 0.323849
0.286999 0.643129 0.325692
0.279034 0.615367 0.321604
0.28583 0.62267 0.324871
0.281673 0.591925 0.317397
0.285461 0.58551 0.3191
